Generated by CrystalWriter
CRYSTAL
0 0 0
123 
7.8557 3.4338 
16
238 0.25 0.75 0.5
238 0.25 0.25 0.5
238 0.75 0.25 0.5
238 0.75 0.75 0.5
229 0.5 0.5 0
229 0 0.5 0
229 0 0 0
229 0.5 0 0
208 0 0.25 0
208 0.75 0.5 0
208 0.5 0.25 0
208 0.25 0.5 0
208 0.75 0 0
208 0 0.75 0
208 0.5 0.75 0
208 0.25 0 0
MODISYMM
16
1       1
2       1
3       1
4       1
5       2
6       2 
7       2
8       2
9       3
10      3       
11      3
12      3
13      3
14      3
15      3
16      3
END
229 11
INPUT
19 3 1 1 0 0 0
6.25149628 19.00000000 -1
6.72725326 118.77842940 1
6.61024592 -105.89982403 0
12.36568715 127.35069424 0
11.16072939 71.22984900 0
0 0 6 2 1
  27.8467870 -0.019337
  21.4206050 0.088614
  10.5372500 -0.355859
  2.53559600 0.538088
  1.24968400 0.511137
  0.59984600 0.147640
0 0 6 2 1
  27.8467870 -0.002653
  21.4206050 -0.007542
  10.5372500 0.079756
  2.53559600 -0.155301
  1.24968400 -0.253078
  0.59984600 -0.028168
0 2 7 6 1
  18.5940060 0.003652
  14.3030110 -0.037076
  5.63142000 0.217120
  2.68301100 0.440973
  1.25857300 0.358723
  0.57408400 0.114846
  0.20923000 0.007316
0 3 5 9 1
  15.7872870 0.084222
  7.20321300 0.255433
  2.97360600 0.349966
  1.20702400 0.341672
  0.46404600 0.241697
0 4 1 0 1
  1.6923298836 1.00000
0 0 1 0 1
0.2 1.0
0 0 1 0 1
0.6 1.0
0 2 1 0 1
0.2 1.0
0 2 1 0 1
0.6 1.0
0 3 1 0 1
0.2 1.0
0 3 1 0 1
0.6 1.0
208 8
INPUT
6 3 1 0 0 0 0
9.29793903 6.00000000 -1
8.86492204 55.78763416 1
8.62925665 -38.81978498 0
8.71924452 38.41914135 0
0 0 8 2 1
  0.268022 0.304848
  0.573098 0.453752
  1.225429 0.295926
  2.620277 0.019567
  5.602818 -0.128627
  11.980245 0.012024
  25.616801 0.000407
  54.775216 -0.000076
0 2 7 4 1
  0.333673 0.255999
  0.666627 0.281879
  1.331816 0.242835
  2.660761 0.161134
  5.315785 0.082308
  10.620108 0.039899
  21.217318 0.004679
0 3 1 0 1
  0.669340 1.000000
0 4 1 0 1
  1.423104 1.000000
0 0 1 0 1
0.2 1.0
0 0 1 0 1
0.6 1.0
0 2 1 0 1
0.2 1.0
0 2 1 0 1
0.6 1.0
238 7
INPUT
2 3 1 1 1 0 0
4.38393876 2.00000000 -1
3.19649834 8.76787753 1
0.98991497 -14.25524313 0
1.28683494 146.87160520 0
0.95674483 140.02622842 0
1.94831654 24.44548775 0
0 0 6 2 1
  0.217685 -0.093894
  0.487102 -0.247613
  1.089961 0.160101
  2.438947 -0.043595
  5.457499 0.008684
  12.211949 -0.001296
0 2 6 0 1
  0.223593 -0.047473
  0.450721 -0.171028
  0.908566 0.104848
  1.831493 -0.029516
  3.691937 0.006196
  7.442231 -0.000955
0 3 1 0 1
  0.528269 1.000000
0 0 1 0 1
0.2 1.0
0 0 1 0 1
0.6 1.0
0 2 1 0 1
0.2 1.0
0 2 1 0 1
0.6 1.0
99 0
END
SHRINK
0 8
4 4 4
DFT
SPIN
HSESOL
XLGRID
END
SCFDIR
BIPOSIZE
100000000
EXCHSIZE
10000000
TOLDEE
10
FMIXING
90
TOLINTEG
8 8 8 8 16
MAXCYCLE
200
SMEAR
0.0
SAVEWF
SPINLOCK
4 200
ATOMSPIN
16
1       0 
2       0
3       0
4       0
5       1
6       1
7       1
8       1
9       0
10      0       
11      0
12      0
13      0
14      0
15      0
16      0
BROYDEN
0.01 60 15
END
