PBE0 2x2x1 undoped SrCu02 calculation, BFD_VDZ
CRYSTAL 
0 0 0
123
7.85572 3.43380
16
208 0.25 0 0 
208 0 0.25 0
208 0.75 0 0 
208 0 0.75 0 
208 0.25 0.5 0 
208 0.5 0.25 0 
208 0.5 0.75 0
208 0.75 0.5 0
236 0.25 0.25 0.5
236 0.25 0.75 0.5
236 0.75 0.25 0.5
236 0.75 0.75 0.5
229 0 0 0 
229 0.5 0 0 
229 0 0.5 0
229 0.5 0.5 0
SUPERCON
1.0 0.0 0.0 
0.0 1.0 0.0
0.0 0.0 1.0 
MODISYMM
16
1 1
2 1
3 1
4 1
5 1
6 1
7 1
8 1
9  2
10 2
11 2
12 2
13 3
14 4
15 4 
16 3
END
208 5
INPUT
6.0 3 1 0 0 0 0 
9.29793903 6.00000000 -1
8.86492204 55.78763416 1 
8.62925665 -38.81978498 0
8.719244523 38.41914135 0 
0 0 9 2.0 0.0
1.225429 0.295926
2.620277 0.019567
5.602818 -0.128627
11.980245 0.012024
25.616801 0.000407
54.775216 -0.000076
0 0 1 0.0 0.0
0.258551 1.000000
0 2 9 4.0 0.0
1.331816 0.242835
2.660761 0.161134
5.315785 0.082308
10.620108 0.039899
21.217318 0.004679
0 2 1 0.0 0.0
0.267865 1.000000
0 3 1 0.0 0.0
1.232753 1.000000
236 5
2.0 3 1 1 1 0 0 
4.38393876 2.00000000 -1
3.19649834 8.76787753 1
0.98991497 -14.25524313 0
1.28683494 146.87160520 0 
0.95674483 140.02622842 0 
1.94831654 24.44548775 0 
0 0 9 2.0 0.0
1.089961 0.160101
2.438947 -0.043595
5.457499 0.008684
12.211949 -0.001296
0 0 1 0.0 0.0
0.091481 1.000000
0 2 9 0.0 0.0
0.908566 0.104848
1.831493 -0.029516
3.691937 0.006196
7.442231 -0.000955
0 2 1 0.0 0.0
0.098678 1.000000
0 3 1 0.0 0.0
0.433416 1.000000
229 9
19.0 3 1 1 0 0 0 
6.25149628 19.00000000 -1
6.72725326 118.77842940 1
6.61024592 -105.89982403 0 
12.36568715 127.35069424 0 
11.16072939 71.22984900 0
#Need to input basis here for Cu

99 0 
END
SHRINK 
0 8 
4 4 4
DFT
PBESOL0
XLGRID
END
SCFDIR
BIPOSIZE
100000000
EXCHSIZE
10000000
TOLDEE
10
FMIXING
90
TOLINTEG
8 8 8 8 16
MAXCYCLE
200
SMEAR
0.0
SAVEWF
SPINLOCK
0 200
ATOMSPIN
16
1 0 
2 0
3 0
4 0
5 0
6 0
7 0
8 0
9  0
10 0
11 0
12 0
13 1
14 -1
15 -1 
16 1
BROYDEN
0.0001 40 2
END
